name: FUTBOL
channels:
  - conda-forge
  - defaults
dependencies:
  - asttokens=2.4.1=pyhd8ed1ab_0
  - bzip2=1.0.8=h2466b09_7
  - ca-certificates=2024.8.30=h56e8100_0
  - colorama=0.4.6=pyhd8ed1ab_0
  - comm=0.2.2=pyhd8ed1ab_0
  - debugpy=1.8.6=py312h275cf98_0
  - decorator=5.1.1=pyhd8ed1ab_0
  - exceptiongroup=1.2.2=pyhd8ed1ab_0
  - executing=2.1.0=pyhd8ed1ab_0
  - importlib-metadata=8.5.0=pyha770c72_0
  - ipykernel=6.29.5=pyh4bbf305_0
  - ipython=8.28.0=pyh7428d3b_0
  - jedi=0.19.1=pyhd8ed1ab_0
  - jupyter_client=8.6.3=pyhd8ed1ab_0
  - jupyter_core=5.7.2=py312h2e8e312_0
  - krb5=1.21.3=hdf4eb48_0
  - libexpat=2.6.3=he0c23c2_0
  - libffi=3.4.2=h8ffe710_5
  - libsodium=1.0.20=hc70643c_0
  - libsqlite=3.46.1=h2466b09_0
  - libzlib=1.3.1=h2466b09_2
  - matplotlib-inline=0.1.7=pyhd8ed1ab_0
  - nest-asyncio=1.6.0=pyhd8ed1ab_0
  - openssl=3.3.2=h2466b09_0
  - packaging=24.1=pyhd8ed1ab_0
  - parso=0.8.4=pyhd8ed1ab_0
  - pickleshare=0.7.5=py_1003
  - pip=24.2=pyh8b19718_1
  - platformdirs=4.3.6=pyhd8ed1ab_0
  - prompt-toolkit=3.0.48=pyha770c72_0
  - psutil=6.0.0=py312h4389bb4_1
  - pure_eval=0.2.3=pyhd8ed1ab_0
  - pygments=2.18.0=pyhd8ed1ab_0
  - python=3.12.7=hce54a09_0_cpython
  - python-dateutil=2.9.0=pyhd8ed1ab_0
  - python_abi=3.12=5_cp312
  - pywin32=306=py312h53d5487_2
  - pyzmq=26.2.0=py312hd7027bb_2
  - setuptools=75.1.0=pyhd8ed1ab_0
  - six=1.16.0=pyh6c4a22f_0
  - stack_data=0.6.2=pyhd8ed1ab_0
  - tk=8.6.13=h5226925_1
  - tornado=6.4.1=py312h4389bb4_1
  - traitlets=5.14.3=pyhd8ed1ab_0
  - typing_extensions=4.12.2=pyha770c72_0
  - ucrt=10.0.22621.0=h57928b3_0
  - vc=14.3=h8a93ad2_21
  - vc14_runtime=14.40.33810=ha82c5b3_21
  - vs2015_runtime=14.40.33810=h3bf8584_21
  - wcwidth=0.2.13=pyhd8ed1ab_0
  - wheel=0.44.0=pyhd8ed1ab_0
  - xz=5.2.6=h8d14728_0
  - zeromq=4.3.5=he1f189c_5
  - zipp=3.20.2=pyhd8ed1ab_0
  - pip:
      - beautifulsoup4==4.12.3
      - certifi==2024.8.30
      - charset-normalizer==3.3.2
      - et-xmlfile==1.1.0
      - html5lib==1.1
      - idna==3.10
      - joblib==1.4.2
      - lxml==5.3.0
      - numpy==2.1.2
      - openpyxl==3.1.5
      - pandas==2.2.3
      - pytz==2024.2
      - requests==2.32.3
      - scikit-learn==1.5.2
      - scipy==1.14.1
      - soupsieve==2.6
      - threadpoolctl==3.5.0
      - tzdata==2024.2
      - urllib3==2.2.3
      - webencodings==0.5.1
